beautiful: [-0.5775905 -1.3596073]
boy: [-0.6539871 -1.3567742]
can: [-0.01465399 -0.4452327 ]
children: [1.5263605 0.7567339]
daughter: [-1.325075  -1.4523723]
family: [1.1998112  0.15066472]
future: [ 1.0906216 -1.4931492]
king: [0.44121733 1.0027856 ]
man: [-0.34789184 -0.4216583 ]
now: [-1.6125498 -0.3816275]
only: [-0.669932  -1.0261968]
prince: [-1.1698111  0.7699104]
princess: [-0.73864406  1.1392076 ]
queen: [0.45152608 0.5329822 ]
realm: [1.3735789 1.1357983]
royal: [0.72243345 0.44294882]
rule: [0.706929   0.71766055]
son: [ 0.62965727 -1.175833  ]
strong: [-0.04013905 -1.2592124 ]
their: [0.9701904  0.47328618]
woman: [-0.35071236  0.09710998]
